 comp1= 0.003083
 comp2= 0.003083
